101
  -1  0.908902 -0.382508 -1.60219e-05 -0.000235165 0.00012842 -0.000221725 -0.000221725 0.00143437
  -0.98  0.908772 -0.382707 -2.93542e-05 -8.13112e-05 0.000270976 -8.20572e-05 -8.20572e-05 0.00183623
  -0.96  0.908634 -0.382922 -3.71371e-05 7.89716e-05 0.000425766 6.8045e-05 6.8045e-05 0.0022814
  -0.94  0.908488 -0.383147 -5.68696e-05 0.000240373 0.000607473 0.000224271 0.000224271 0.0027772
  -0.92  0.908321 -0.383328 -0.000135149 0.000304246 0.000625247 0.000302824 0.000302824 0.00330261
  -0.9  0.908079 -0.383587 -0.000176227 0.000201193 0.000447806 0.000226282 0.000226282 0.00387015
  -0.88  0.907745 -0.384039 -0.000119514 8.85974e-06 6.53213e-05 5.74577e-05 5.74577e-05 0.00429001
  -0.86  0.907894 -0.382833 -6.57557e-05 -7.39529e-05 -0.00177922 -2.90289e-05 -2.90289e-05 0.00331287
  -0.84  0.908554 -0.379832 -2.55381e-05 -0.000108967 -0.00487566 -8.42447e-05 -8.42447e-05 0.00111799
  -0.82  0.909218 -0.376702 2.76236e-05 -0.00017069 -0.00799879 -0.000162089 -0.000162089 -0.00112927
  -0.8  0.909895 -0.373426 4.63915e-05 -0.000184639 -0.0113516 -0.000188833 -0.000188833 -0.00353319
  -0.78  0.910598 -0.369953 3.88424e-05 -0.000326387 -0.0150141 -0.000317725 -0.000317725 -0.00617009
  -0.76  0.911367 -0.366159 0.000204902 -0.000409824 -0.0189768 -0.000382982 -0.000382982 -0.00906049
  -0.74  0.912184 -0.362109 0.000398127 -0.000291687 -0.0232165 -0.000271854 -0.000271854 -0.0121501
  -0.72  0.913105 -0.357603 0.00073805 -0.000203269 -0.0278345 -0.000191857 -0.000191857 -0.0155868
  -0.7  0.914135 -0.352633 0.000932117 -0.000170869 -0.0325707 -0.000167893 -0.000167893 -0.0191824
  -0.68  0.915268 -0.347235 0.000838518 -0.000197957 -0.0373367 -0.000190099 -0.000190099 -0.0228082
  -0.66  0.916491 -0.341455 0.000370065 -0.000165382 -0.0418179 -0.000147889 -0.000147889 -0.026258
  -0.64  0.917857 -0.335121 -6.51716e-05 -0.000172355 -0.0462874 -0.000130565 -0.000130565 -0.0297405
  -0.62  0.919345 -0.328307 -0.000195313 -0.000426616 -0.0510302 -0.00035505 -0.00035505 -0.0334567
  -0.6  0.920943 -0.321073 -0.000289851 -0.000577162 -0.0559396 -0.000521389 -0.000521389 -0.0373464
  -0.58  0.922712 -0.313205 -0.000375199 -0.000634861 -0.0607708 -0.000577223 -0.000577223 -0.0412692
  -0.56  0.924602 -0.304903 -0.000609125 -0.000247647 -0.0653921 -0.000238252 -0.000238252 -0.0450351
  -0.54  0.926589 -0.296239 -0.000850436 0.00011662 -0.0697725 7.2103e-05 7.2103e-05 -0.0486248
  -0.52  0.928766 -0.286918 -0.000763798 0.000337329 -0.0735556 0.00028568 0.00028568 -0.0517795
  -0.5  0.931067 -0.27718 -0.00073024 0.000454241 -0.0769555 0.000410182 0.000410182 -0.0546252
  -0.48  0.933453 -0.26715 -0.000711182 0.000365227 -0.0800577 0.000334358 0.000334358 -0.0572744
  -0.46  0.935957 -0.256724 -0.000813232 -3.07073e-05 -0.083016 -2.83575e-05 -2.83575e-05 -0.0598751
  -0.44  0.938556 -0.246014 -0.000492201 -0.000269331 -0.0852276 -0.000225379 -0.000225379 -0.0618956
  -0.42  0.94121 -0.235133 -0.000169765 -0.000358624 -0.0868223 -0.000325384 -0.000325384 -0.0633961
  -0.4  0.94396 -0.223956 -0.000173479 -0.000234099 -0.0878389 -0.00029433 -0.00029433 -0.064438
  -0.38  0.946787 -0.212576 -0.000188649 -0.000145446 -0.088396 -0.000239246 -0.000239246 -0.0651192
  -0.36  0.949636 -0.201158 -0.000261249 -0.000107288 -0.0885663 -0.0002066 -0.0002066 -0.0654752
  -0.34  0.952526 -0.189629 -0.000229217 -0.00018721 -0.0881495 -0.000267876 -0.000267876 -0.0653668
  -0.32  0.955457 -0.178031 -4.62739e-05 -0.000389107 -0.0873806 -0.00040588 -0.00040588 -0.0649772
  -0.3  0.958385 -0.166492 3.16427e-06 -0.000260751 -0.0863998 -0.000287574 -0.000287574 -0.0644082
  -0.28  0.961304 -0.155033 9.77109e-05 -5.77475e-05 -0.0851791 -0.000133412 -0.000133412 -0.0636395
  -0.26  0.964233 -0.143593 7.54487e-05 4.81697e-05 -0.0834138 -8.34269e-05 -8.34269e-05 -0.0624284
  -0.24  0.967154 -0.13223 -5.93962e-05 5.7019e-05 -0.0813613 -6.42423e-05 -6.42423e-05 -0.0609658
  -0.22  0.970051 -0.120993 -0.000120182 0.000177841 -0.0791752 6.32762e-05 6.32762e-05 -0.0593622
  -0.2  0.972924 -0.109885 -8.24706e-05 0.000198077 -0.0767814 0.00011373 0.00011373 -0.0575886
  -0.18  0.975765 -0.0989452 -7.37285e-05 0.000216288 -0.0742091 0.000152196 0.000152196 -0.0556895
  -0.16  0.978569 -0.0881815 2.17482e-06 0.000257193 -0.0714646 0.000187894 0.000187894 -0.0536593
  -0.14  0.981326 -0.0776377 2.7786e-05 0.000291067 -0.0686675 0.000205969 0.000205969 -0.0515943
  -0.12  0.983874 -0.0680041 -6.9726e-05 0.000152383 -0.0670407 0.000104376 0.000104376 -0.0503396
  -0.1  0.986248 -0.0591104 -0.000132949 -4.03918e-05 -0.0668573 -3.42008e-05 -3.42008e-05 -0.0500926
  -0.08  0.988614 -0.0502421 -1.35137e-05 -0.000107664 -0.066875 -8.47925e-05 -8.47925e-05 -0.0499978
  -0.06  0.990974 -0.0413891 0.000189955 -0.000110724 -0.0669511 -8.41822e-05 -8.41822e-05 -0.049961
  -0.04  0.99333 -0.0325505 0.000387559 -0.000157033 -0.0670487 -0.000111632 -0.000111632 -0.0499561
  -0.02  0.995682 -0.0237285 0.000509787 -0.000158459 -0.0672143 -0.000111534 -0.000111534 -0.0500118
  6.17562e-16  0.998033 -0.0149195 0.000500347 -6.99787e-05 -0.0672862 -5.02092e-05 -5.02092e-05 -0.0500191
  0.02  1.00038 -0.00612793 0.00035307 8.27604e-05 -0.0672625 5.82413e-05 5.82413e-05 -0.0499796
  0.04  1.00273 0.00267118 0.000153907 0.000192894 -0.0672056 0.000135928 0.000135928 -0.0499351
  0.06  1.00509 0.0114793 5.73161e-05 0.000260417 -0.0671998 0.000179011 0.000179011 -0.0499503
  0.08  1.00746 0.0202853 4.37757e-05 0.00031763 -0.0673013 0.00021445 0.00021445 -0.0500532
  0.1  1.00984 0.0291201 -1.11769e-05 0.000279884 -0.0674508 0.000192901 0.000192901 -0.0502036
  0.12  1.01223 0.0379609 1.8742e-05 0.000128971 -0.0676524 9.2014e-05 9.2014e-05 -0.0504099
  0.14  1.01484 0.0476593 0.000159675 -0.000145634 -0.0691095 -0.000106624 -0.000106624 -0.0515206
  0.16  1.0177 0.0583587 0.000192373 -0.000186945 -0.0716933 -0.000143816 -0.000143816 -0.0534246
  0.18  1.02062 0.0692628 0.000113978 -0.000169548 -0.0743525 -0.000144441 -0.000144441 -0.0553774
  0.2  1.02358 0.0803507 -6.35377e-05 -7.52555e-05 -0.077049 -8.12248e-05 -8.12248e-05 -0.0573376
  0.22  1.02659 0.0915844 -0.000217966 1.10491e-05 -0.079655 -1.38749e-05 -1.38749e-05 -0.0592191
  0.24  1.02963 0.102948 -0.000246354 4.26077e-05 -0.0820379 7.3335e-06 7.3335e-06 -0.0609124
  0.26  1.03271 0.114446 -0.000305755 8.67186e-05 -0.0842211 2.74852e-05 2.74852e-05 -0.0624432
  0.28  1.03584 0.126099 -0.000168018 0.000127171 -0.0865074 4.7666e-05 4.7666e-05 -0.0640661
  0.3  1.03897 0.137795 5.23244e-05 8.56841e-05 -0.08854 3.39965e-06 3.39965e-06 -0.0654831
  0.32  1.04212 0.149546 0.000152743 0.000106414 -0.0902127 1.94934e-05 1.94934e-05 -0.0666006
  0.34  1.04528 0.161339 0.000154873 0.000130792 -0.091213 3.77443e-05 3.77443e-05 -0.0671577
  0.36  1.04842 0.173086 0.000104673 -2.65385e-05 -0.0916432 -0.000109232 -0.000109232 -0.0672387
  0.38  1.05154 0.184763 -2.17545e-06 -0.000171281 -0.0918238 -0.000220714 -0.000220714 -0.0671126
  0.4  1.05464 0.196384 8.14298e-05 -0.000128205 -0.0914998 -0.00017478 -0.00017478 -0.0665701
  0.42  1.05768 0.207818 0.000230688 -0.000120174 -0.0904245 -0.000168883 -0.000168883 -0.0654323
  0.44  1.06065 0.219032 0.00024645 -0.000292929 -0.0890578 -0.000317741 -0.000317741 -0.0641049
  0.46  1.06357 0.23008 0.000248163 -0.000221698 -0.0876139 -0.000252393 -0.000252393 -0.0627594
  0.48  1.0664 0.240817 0.000362213 0.000219505 -0.0852938 0.000137961 0.000137961 -0.06071
  0.5  1.06908 0.25111 0.000571036 0.000687645 -0.08187 0.000569231 0.000569231 -0.0577641
  0.52  1.07167 0.261094 0.000618717 0.000653993 -0.078019 0.000565118 0.000565118 -0.0544978
  0.54  1.07414 0.270669 0.000672283 0.000507443 -0.0732975 0.000436758 0.000436758 -0.0505681
  0.56  1.07641 0.279614 0.00081774 0.000431712 -0.0685882 0.000370213 0.000370213 -0.0467171
  0.58  1.07859 0.288228 0.000669988 0.00012011 -0.0640592 9.57375e-05 9.57375e-05 -0.0430591
  0.6  1.08065 0.296426 0.000524969 -0.000105475 -0.0595562 -0.000123895 -0.000123895 -0.0394512
  0.62  1.0825 0.303921 0.000752179 0.000145371 -0.0544872 9.72373e-05 9.72373e-05 -0.0354468
  0.64  1.08421 0.310928 0.00104647 0.000528708 -0.0490964 0.000444425 0.000444425 -0.03124
  0.66  1.08581 0.317552 0.00134843 0.000465251 -0.0435793 0.000393529 0.000393529 -0.0269761
  0.68  1.08724 0.323586 0.00140593 0.000171823 -0.0383502 0.000129002 0.000129002 -0.0229964
  0.7  1.08855 0.329156 0.00131537 4.08899e-05 -0.0336583 1.02218e-05 1.02218e-05 -0.0194434
  0.72  1.08975 0.334318 0.00119455 -0.000197185 -0.0292537 -0.000207684 -0.000207684 -0.0161238
  0.74  1.09085 0.339058 0.000826799 -0.000330152 -0.0251736 -0.000328579 -0.000328579 -0.0130739
  0.76  1.09183 0.343363 0.00056732 -0.000345062 -0.0213 -0.000333826 -0.000333826 -0.0102206
  0.78  1.09276 0.347402 0.000391706 -0.000494374 -0.0170915 -0.000455978 -0.000455978 -0.0071531
  0.8  1.09361 0.35109 0.000263484 -0.000418342 -0.0128623 -0.000364378 -0.000364378 -0.00411546
  0.82  1.09442 0.354515 6.39154e-05 -0.000269571 -0.00888322 -0.000206907 -0.000206907 -0.00126931
  0.84  1.09521 0.357794 -6.39389e-05 -0.000102612 -0.00531237 -4.50034e-05 -4.50034e-05 0.00125245
  0.86  1.09601 0.360939 0.000104052 -5.35694e-05 -0.00210732 6.56476e-06 6.56476e-06 0.00343328
  0.88  1.09617 0.362194 0.000426669 -0.000125845 -0.00038116 -5.5296e-05 -5.5296e-05 0.00426367
  0.9  1.09575 0.36174 0.000652622 -0.00021173 -0.000105994 -0.00014783 -0.00014783 0.00374268
  0.92  1.09543 0.361468 0.00076223 -0.000259413 6.17552e-05 -0.000215329 -0.000215329 0.00313257
  0.94  1.09521 0.361267 0.000697857 -0.000221618 0.000239117 -0.000190831 -0.000190831 0.0026963
  0.96  1.09503 0.361048 0.00045939 -0.000237804 0.000203373 -0.000203368 -0.000203368 0.00227112
  0.98  1.09487 0.360843 0.000254531 -0.000259397 0.000176276 -0.00022188 -0.00022188 0.00187785
  1  1.09471 0.360652 9.64237e-05 -0.000270631 0.0001697 -0.000232329 -0.000232329 0.00152451
